0.000000 0.026055 0.040230 0.052511 0.065627 0.074162 0.076138 0.080596 0.092047 0.099049 0.095716 0.092309 0.092901 0.091466 0.089393 0.096256 0.109300 0.117505 0.114237 0.107034 0.095516 0.086326 0.084895 0.085306 0.080501 0.074405 0.069061 0.062862 0.058913 0.060203 0.067165 0.077525 0.087197 0.092664 0.098482 0.099732 0.089741 0.079219 0.075265 0.068536 0.050424 0.032439 0.021983 0.021562 0.021846 0.019358 0.018010 0.018918 0.016204 0.007171
-0.020000 0.000420 0.018535 0.033445 0.047283 0.055523 0.057918 0.063402 0.077090 0.086594 0.084654 0.081817 0.082219 0.081156 0.078815 0.085005 0.098698 0.108127 0.106576 0.100189 0.089631 0.080011 0.076847 0.077592 0.078075 0.075327 0.068841 0.056513 0.049154 0.051417 0.063561 0.076326 0.085558 0.089688 0.095356 0.097667 0.090849 0.082135 0.077461 0.068902 0.049693 0.031679 0.021256 0.021682 0.022871 0.022497 0.023611 0.026512 0.023548 0.012012
-0.020000 -0.015870 0.004047 0.019713 0.032616 0.040521 0.043861 0.048801 0.059581 0.069040 0.069084 0.066463 0.065177 0.064724 0.067853 0.077632 0.089814 0.098996 0.100301 0.095502 0.088359 0.078929 0.070443 0.064524 0.064557 0.065896 0.061526 0.049651 0.044670 0.050881 0.063907 0.073073 0.079825 0.084976 0.093663 0.097454 0.092842 0.083218 0.076117 0.067961 0.052091 0.034451 0.019854 0.016779 0.018711 0.021065 0.022174 0.023697 0.020989 0.014235
-0.020000 -0.020000 -0.011286 0.004609 0.019002 0.032179 0.038679 0.042811 0.050657 0.058727 0.059317 0.056870 0.054996 0.054665 0.057274 0.064767 0.074786 0.083355 0.086204 0.082805 0.079327 0.072851 0.062345 0.051812 0.048994 0.051386 0.049156 0.041403 0.041118 0.050257 0.060105 0.064674 0.069661 0.075709 0.086569 0.091759 0.088314 0.078179 0.070306 0.064030 0.051820 0.035059 0.018869 0.013865 0.014248 0.013884 0.009955 0.008961 0.007779 0.006692
-0.020000 -0.020000 -0.020000 -0.010965 0.004882 0.022597 0.032588 0.037663 0.045194 0.052543 0.054096 0.053922 0.053096 0.051939 0.050252 0.052700 0.060338 0.066692 0.068098 0.065311 0.064183 0.060629 0.050373 0.039948 0.037616 0.039093 0.036967 0.033135 0.036666 0.046936 0.054926 0.058157 0.062445 0.066930 0.076970 0.083237 0.080929 0.072102 0.065362 0.059751 0.048821 0.034150 0.020879 0.016221 0.012652 0.006803 -0.001976 -0.005365 -0.006812 -0.006988
-0.020000 -0.020000 -0.020000 -0.020000 -0.008866 0.005020 0.017817 0.028052 0.036362 0.042041 0.046448 0.051559 0.051909 0.048218 0.046624 0.051114 0.057276 0.060225 0.058482 0.055584 0.054747 0.051053 0.040477 0.032897 0.033299 0.030783 0.026146 0.027685 0.033719 0.041262 0.048173 0.053856 0.059377 0.061710 0.068998 0.075574 0.072643 0.065629 0.061858 0.055664 0.044540 0.034277 0.027068 0.020479 0.009205 -0.001777 -0.009154 -0.013079 -0.016128 -0.017209
-0.020000 -0.020000 -0.020000 -0.020000 -0.015464 -0.006408 0.006767 0.020474 0.030412 0.036935 0.044539 0.051672 0.051050 0.045668 0.044292 0.050287 0.055900 0.060351 0.061416 0.059054 0.057433 0.052297 0.041391 0.034597 0.034217 0.028589 0.021315 0.021795 0.025501 0.029106 0.034875 0.042029 0.048516 0.051912 0.059241 0.065918 0.062546 0.056664 0.054979 0.050758 0.042295 0.035573 0.030137 0.019501 0.003550 -0.010646 -0.017964 -0.020000 -0.020000 -0.020000
-0.020000 -0.020000 -0.020000 -0.020000 -0.020000 -0.011373 0.002448 0.016339 0.027599 0.036531 0.046525 0.053653 0.052179 0.046534 0.043373 0.046872 0.051578 0.058913 0.064438 0.062613 0.061412 0.058130 0.048614 0.040615 0.036199 0.029406 0.021199 0.017084 0.016171 0.016175 0.019151 0.024815 0.031206 0.037811 0.047027 0.053210 0.049932 0.043953 0.042008 0.040153 0.036243 0.032158 0.026598 0.013697 -0.003134 -0.019526 -0.020000 -0.020000 -0.020000 -0.020000
-0.020000 -0.020000 -0.020000 -0.020000 -0.020000 -0.019789 -0.004941 0.007053 0.018831 0.028257 0.037743 0.046597 0.048513 0.044408 0.043925 0.047329 0.049160 0.055033 0.060277 0.056774 0.055453 0.058311 0.054589 0.046795 0.037154 0.029747 0.022846 0.016386 0.012107 0.010056 0.011347 0.015727 0.022169 0.032199 0.040685 0.043263 0.040443 0.033023 0.026294 0.021770 0.023050 0.023692 0.020470 0.006327 -0.011361 -0.020000 -0.020000 -0.020000 -0.020000 -0.020000
-0.020000 -0.020000 -0.020000 -0.020000 -0.020000 -0.020000 -0.019503 -0.008789 0.004302 0.013561 0.021184 0.032534 0.039394 0.038264 0.042625 0.048295 0.047986 0.051376 0.055152 0.050723 0.047346 0.051022 0.051626 0.047865 0.041316 0.035109 0.029109 0.023042 0.018524 0.016874 0.018333 0.022025 0.026972 0.032238 0.034371 0.033233 0.032094 0.025292 0.015125 0.007107 0.010152 0.013506 0.012705 -0.000901 -0.018937 -0.020000 -0.020000 -0.020000 -0.020000 -0.020000
-0.020000 -0.020000 -0.020000 -0.020000 -0.020000 -0.020000 -0.020000 -0.018739 -0.005911 0.001778 0.007263 0.019196 0.028874 0.030982 0.037574 0.044285 0.044088 0.047760 0.052793 0.049951 0.045978 0.047364 0.048902 0.048749 0.047801 0.042373 0.035111 0.028655 0.025043 0.025274 0.028360 0.031866 0.034730 0.033870 0.030865 0.028118 0.028084 0.023532 0.014102 0.005943 0.007844 0.010295 0.009263 -0.003694 -0.020000 -0.020000 -0.020000 -0.020000 -0.020000 -0.020000
-0.020000 -0.020000 -0.020000 -0.020000 -0.020000 -0.020000 -0.020000 -0.020000 -0.014930 -0.009060 -0.004100 0.009030 0.022180 0.028533 0.033462 0.039107 0.043037 0.046067 0.047049 0.046647 0.047916 0.051165 0.051295 0.050826 0.052964 0.048283 0.040336 0.033022 0.028019 0.028674 0.034753 0.038169 0.038578 0.038226 0.035453 0.030527 0.027912 0.027193 0.022841 0.016167 0.012079 0.010264 0.008138 -0.000296 -0.014653 -0.020000 -0.020000 -0.020000 -0.020000 -0.020000
-0.020000 -0.020000 -0.020000 -0.020000 -0.020000 -0.020000 -0.020000 -0.020000 -0.016835 -0.010872 -0.005701 0.004303 0.015899 0.024897 0.029480 0.036183 0.044714 0.048456 0.046933 0.049099 0.056066 0.062139 0.060417 0.055685 0.053294 0.047263 0.039957 0.034034 0.027599 0.026939 0.034498 0.037609 0.036887 0.042151 0.044203 0.038890 0.033214 0.034598 0.034790 0.031511 0.024520 0.019371 0.013123 0.004149 -0.007910 -0.016132 -0.020000 -0.020000 -0.020000 -0.020000
-0.020000 -0.020000 -0.020000 -0.020000 -0.020000 -0.020000 -0.020000 -0.020000 -0.014703 -0.006909 -0.002161 0.003290 0.010879 0.019992 0.027182 0.037167 0.047237 0.053892 0.055913 0.060029 0.067077 0.071317 0.068437 0.061440 0.055335 0.047900 0.041104 0.036929 0.030154 0.027954 0.034901 0.037893 0.037109 0.043423 0.047840 0.045312 0.041489 0.043578 0.044106 0.043128 0.038445 0.033411 0.023802 0.010455 -0.002071 -0.008753 -0.012640 -0.019234 -0.020000 -0.020000
-0.020000 -0.020000 -0.020000 -0.020000 -0.020000 -0.020000 -0.020000 -0.020000 -0.013530 -0.005539 -0.001733 0.004001 0.011075 0.018250 0.028288 0.042057 0.051346 0.058630 0.062142 0.065610 0.071633 0.076399 0.073813 0.067274 0.060827 0.051316 0.042374 0.037496 0.030478 0.027304 0.035580 0.041200 0.040866 0.042840 0.046111 0.048039 0.047659 0.048020 0.046010 0.045000 0.043244 0.040156 0.033685 0.023634 0.012303 0.005156 -0.001227 -0.010766 -0.018939 -0.020000
-0.020000 -0.020000 -0.020000 -0.020000 -0.020000 -0.020000 -0.020000 -0.020000 -0.016929 -0.011742 -0.007640 0.003887 0.014621 0.018969 0.027393 0.040319 0.047837 0.055072 0.059063 0.060669 0.066360 0.074570 0.073971 0.070628 0.067826 0.057493 0.046566 0.041788 0.035911 0.031597 0.036728 0.042006 0.042251 0.042975 0.046743 0.051965 0.053948 0.051490 0.045942 0.042244 0.041418 0.041243 0.040321 0.036056 0.027183 0.020003 0.010597 -0.002678 -0.016614 -0.020000
-0.020000 -0.020000 -0.020000 -0.020000 -0.020000 -0.020000 -0.020000 -0.020000 -0.020000 -0.020000 -0.014803 -0.001235 0.009790 0.012434 0.017931 0.028577 0.036165 0.045408 0.051534 0.052579 0.057714 0.066824 0.068240 0.067758 0.067596 0.058342 0.049084 0.048629 0.046096 0.041625 0.040902 0.041702 0.041177 0.045320 0.051687 0.056534 0.057891 0.054026 0.046936 0.041871 0.041120 0.042951 0.042634 0.037806 0.030799 0.026373 0.018849 0.004427 -0.011652 -0.019626
-0.020000 -0.020000 -0.020000 -0.020000 -0.020000 -0.020000 -0.020000 -0.020000 -0.020000 -0.020000 -0.020000 -0.012534 -0.003409 -0.001829 0.006128 0.018861 0.025800 0.035555 0.043626 0.044093 0.045430 0.051413 0.055823 0.058599 0.060787 0.055885 0.050653 0.052965 0.055454 0.055715 0.051367 0.045204 0.041900 0.048493 0.057535 0.061350 0.061329 0.054554 0.044840 0.039278 0.038598 0.039367 0.039650 0.036339 0.030069 0.025130 0.020748 0.011381 -0.000423 -0.010258
-0.020000 -0.020000 -0.020000 -0.020000 -0.020000 -0.020000 -0.020000 -0.020000 -0.020000 -0.020000 -0.020000 -0.020000 -0.013810 -0.012756 -0.001835 0.012520 0.017836 0.025449 0.032869 0.032374 0.031483 0.037485 0.045797 0.050072 0.051602 0.051438 0.049283 0.048051 0.053192 0.061439 0.061682 0.052325 0.044898 0.047212 0.054856 0.058649 0.060177 0.052471 0.040334 0.034932 0.034167 0.031915 0.035084 0.037989 0.032217 0.023625 0.020602 0.018925 0.015704 0.006304
-0.020000 -0.020000 -0.020000 -0.020000 -0.020000 -0.020000 -0.020000 -0.020000 -0.020000 -0.020000 -0.020000 -0.020000 -0.016199 -0.015526 -0.007824 0.002765 0.007405 0.014088 0.020192 0.018454 0.019419 0.030361 0.040971 0.045088 0.044940 0.045962 0.044598 0.040891 0.046106 0.057257 0.061883 0.053840 0.044942 0.043535 0.049334 0.054253 0.059293 0.054206 0.042357 0.036876 0.035058 0.030884 0.033993 0.038626 0.033885 0.025633 0.024521 0.026609 0.028120 0.022202
-0.020000 -0.020000 -0.020000 -0.020000 -0.020000 -0.020000 -0.020000 -0.020000 -0.020000 -0.020000 -0.020000 -0.020000 -0.014937 -0.013478 -0.011749 -0.006575 -0.000328 0.004954 0.006421 0.003880 0.006896 0.021649 0.035182 0.041781 0.042572 0.044715 0.044563 0.038259 0.039404 0.047918 0.054170 0.050320 0.043129 0.042345 0.049074 0.055902 0.063130 0.059099 0.047757 0.038131 0.033598 0.030985 0.033691 0.037724 0.036060 0.030715 0.030071 0.034204 0.037648 0.032537
-0.020000 -0.020000 -0.020000 -0.020000 -0.020000 -0.020000 -0.020000 -0.020000 -0.020000 -0.020000 -0.020000 -0.020000 -0.017482 -0.014708 -0.015461 -0.011181 -0.001812 0.002765 -0.000434 -0.002512 -0.001199 0.009519 0.025243 0.036591 0.040376 0.044397 0.048558 0.045426 0.041690 0.042992 0.047238 0.048894 0.045792 0.046050 0.052939 0.060448 0.065644 0.059093 0.048643 0.036607 0.033916 0.037063 0.038890 0.039338 0.041259 0.039205 0.036776 0.041610 0.045340 0.038758
-0.020000 -0.020000 -0.020000 -0.020000 -0.020000 -0.020000 -0.020000 -0.020000 -0.020000 -0.020000 -0.020000 -0.020000 -0.017785 -0.016076 -0.016782 -0.012358 -0.003931 0.001249 -0.000796 -0.002242 -0.003227 0.003030 0.018572 0.030745 0.034406 0.039985 0.048615 0.051617 0.047607 0.045721 0.049300 0.054048 0.053489 0.050361 0.052711 0.057637 0.059986 0.052643 0.044487 0.038523 0.043918 0.051301 0.051860 0.048378 0.049701 0.047275 0.043414 0.048066 0.053017 0.048409
-0.020000 -0.020000 -0.020000 -0.020000 -0.020000 -0.020000 -0.020000 -0.020000 -0.020000 -0.020000 -0.017751 -0.012403 -0.010334 -0.009906 -0.010736 -0.009037 -0.004991 0.000437 0.002041 0.000650 -0.000744 0.003821 0.015807 0.025167 0.027826 0.033011 0.043041 0.053037 0.053076 0.050878 0.052383 0.057315 0.059126 0.054139 0.051950 0.052842 0.052303 0.046679 0.042542 0.046368 0.060479 0.070074 0.070294 0.063682 0.060985 0.055162 0.050302 0.053569 0.058669 0.055830
-0.020000 -0.020000 -0.020000 -0.020000 -0.020000 -0.020000 -0.020000 -0.020000 -0.020000 -0.020000 -0.014245 -0.005861 0.000293 0.000633 0.000816 -0.001357 -0.003401 0.000571 0.005047 0.002499 0.003133 0.009685 0.015305 0.021380 0.027893 0.031729 0.036789 0.046991 0.051794 0.052283 0.052954 0.057142 0.061906 0.062244 0.060581 0.057938 0.054838 0.052839 0.053501 0.061647 0.075006 0.083107 0.086139 0.080945 0.072640 0.061737 0.057243 0.059183 0.062658 0.058111
-0.020000 -0.020000 -0.020000 -0.020000 -0.020000 -0.020000 -0.020000 -0.020000 -0.020000 -0.020000 -0.013385 -0.004893 0.001839 0.002290 0.004757 0.003933 0.001266 0.005273 0.010530 0.007534 0.008879 0.015481 0.017112 0.021632 0.031618 0.035828 0.037017 0.041392 0.046149 0.050201 0.056598 0.063805 0.070105 0.074453 0.075511 0.073581 0.071196 0.071335 0.073679 0.078117 0.084758 0.090619 0.095845 0.093680 0.083825 0.070811 0.065578 0.065862 0.067317 0.060774
-0.020000 -0.020000 -0.020000 -0.020000 -0.020000 -0.020000 -0.020000 -0.020000 -0.020000 -0.020000 -0.012939 -0.006269 -0.000878 0.000358 0.003383 0.004662 0.005581 0.012767 0.019538 0.017403 0.018782 0.023113 0.021866 0.023475 0.032545 0.038361 0.040484 0.042291 0.045719 0.051530 0.061826 0.071557 0.078721 0.086277 0.090667 0.090881 0.089894 0.089909 0.091688 0.093035 0.095557 0.099040 0.103790 0.104723 0.097077 0.084435 0.074972 0.070715 0.068724 0.062530
-0.020000 -0.020000 -0.020000 -0.020000 -0.020000 -0.020000 -0.020000 -0.020000 -0.020000 -0.020000 -0.012712 -0.007485 -0.001857 0.001987 0.001944 0.002753 0.010561 0.021388 0.027006 0.026253 0.028812 0.030809 0.027651 0.024376 0.028564 0.037365 0.045779 0.051115 0.053434 0.058376 0.066677 0.075884 0.083156 0.093330 0.100405 0.102248 0.103028 0.101453 0.100588 0.103834 0.108644 0.109295 0.109105 0.112033 0.110191 0.102659 0.088267 0.075966 0.066572 0.061218
-0.020000 -0.020000 -0.020000 -0.020000 -0.020000 -0.020000 -0.020000 -0.020000 -0.020000 -0.014609 -0.008469 -0.006832 -0.002549 0.003119 0.004004 0.007101 0.018456 0.026959 0.026438 0.024895 0.028023 0.030206 0.028156 0.025035 0.029001 0.038761 0.048805 0.055093 0.057421 0.063658 0.074447 0.084616 0.090230 0.096227 0.100861 0.103519 0.107063 0.106130 0.103470 0.108512 0.116169 0.116512 0.112851 0.114101 0.114480 0.112631 0.102242 0.088802 0.075462 0.067546
-0.020000 -0.020000 -0.020000 -0.020000 -0.020000 -0.020000 -0.020000 -0.020000 -0.017584 -0.007891 -0.004764 -0.007697 -0.005727 0.000926 0.007174 0.014608 0.024643 0.026210 0.018949 0.016644 0.021553 0.027349 0.028948 0.029413 0.035791 0.044750 0.052321 0.056005 0.058323 0.066413 0.080163 0.090827 0.094472 0.095273 0.096646 0.099792 0.106405 0.108130 0.105061 0.109021 0.116627 0.119001 0.116408 0.116257 0.115875 0.116351 0.111505 0.101206 0.088242 0.077792
-0.020000 -0.020000 -0.020000 -0.020000 -0.020000 -0.020000 -0.020000 -0.020000 -0.017465 -0.007647 -0.007187 -0.011566 -0.008574 -0.001035 0.010973 0.019167 0.022510 0.016404 0.009443 0.010575 0.019753 0.029539 0.034436 0.036793 0.042045 0.049226 0.054803 0.057812 0.061708 0.070126 0.078588 0.084580 0.087625 0.089142 0.091598 0.095249 0.102445 0.106476 0.104962 0.107360 0.114032 0.120262 0.122918 0.122868 0.120072 0.117849 0.112781 0.104711 0.094898 0.086070
-0.020000 -0.020000 -0.020000 -0.020000 -0.020000 -0.020000 -0.020000 -0.020000 -0.020000 -0.011838 -0.010986 -0.011765 -0.005186 0.001967 0.011222 0.013100 0.011326 0.005975 0.006994 0.012081 0.021331 0.028373 0.033485 0.036917 0.042323 0.048739 0.052550 0.053287 0.056499 0.064710 0.072005 0.076829 0.080466 0.085635 0.091441 0.095622 0.098086 0.098577 0.097596 0.099064 0.105050 0.113301 0.119780 0.121269 0.117875 0.116003 0.113531 0.107612 0.100549 0.094451
-0.020000 -0.020000 -0.020000 -0.020000 -0.020000 -0.020000 -0.020000 -0.020000 -0.020000 -0.015104 -0.011802 -0.007870 0.000858 0.005976 0.008577 0.003654 -0.000331 -0.002805 0.003810 0.010757 0.018357 0.021583 0.025902 0.030090 0.036515 0.042309 0.044447 0.042816 0.044290 0.052424 0.063859 0.071879 0.076161 0.081387 0.088138 0.093641 0.092282 0.087755 0.085483 0.086473 0.092972 0.101710 0.109186 0.111792 0.109612 0.111127 0.114375 0.111707 0.106378 0.100227
-0.020000 -0.020000 -0.020000 -0.020000 -0.020000 -0.020000 -0.020000 -0.020000 -0.020000 -0.019155 -0.012752 -0.002258 0.006516 0.006062 0.002890 -0.004426 -0.011388 -0.015194 -0.007508 0.000768 0.010507 0.016191 0.021001 0.024352 0.027222 0.028935 0.029645 0.032518 0.037536 0.045490 0.055764 0.065300 0.071027 0.073340 0.079500 0.088939 0.089230 0.080799 0.074942 0.073474 0.081748 0.091844 0.101019 0.104375 0.103630 0.102946 0.105104 0.107928 0.108325 0.100556
-0.020000 -0.020000 -0.020000 -0.020000 -0.020000 -0.020000 -0.020000 -0.020000 -0.020000 -0.020000 -0.015625 -0.004823 0.000730 -0.002873 -0.003305 -0.005590 -0.015271 -0.020000 -0.020000 -0.014084 -0.001657 0.007044 0.012160 0.015730 0.018799 0.018502 0.017268 0.021379 0.029542 0.038296 0.044975 0.053286 0.059771 0.061627 0.068501 0.081268 0.088142 0.081671 0.073199 0.067133 0.072971 0.082298 0.090346 0.092264 0.093191 0.091105 0.091442 0.097704 0.103627 0.098384
-0.020000 -0.020000 -0.020000 -0.020000 -0.020000 -0.020000 -0.020000 -0.020000 -0.020000 -0.020000 -0.019447 -0.013592 -0.011428 -0.014087 -0.010108 -0.008929 -0.019984 -0.020000 -0.020000 -0.020000 -0.010925 -0.003741 0.000457 0.004758 0.011035 0.011562 0.008532 0.009302 0.018163 0.029386 0.036926 0.044615 0.050576 0.053729 0.061061 0.073529 0.083175 0.079493 0.070674 0.061193 0.061981 0.068726 0.074719 0.075930 0.078740 0.079993 0.083244 0.089454 0.096489 0.096096
-0.020000 -0.020000 -0.020000 -0.020000 -0.020000 -0.020000 -0.020000 -0.020000 -0.020000 -0.020000 -0.018746 -0.020000 -0.020000 -0.020000 -0.019535 -0.018386 -0.020000 -0.020000 -0.020000 -0.020000 -0.015529 -0.005963 -0.000935 0.000995 0.003438 0.002567 -0.001138 0.000192 0.012149 0.026473 0.035244 0.041875 0.047782 0.051466 0.054384 0.061227 0.070008 0.071693 0.065430 0.057553 0.053610 0.055652 0.061957 0.067605 0.071146 0.075238 0.080639 0.082306 0.083238 0.085205
-0.020000 -0.020000 -0.020000 -0.020000 -0.020000 -0.020000 -0.020000 -0.020000 -0.020000 -0.020000 -0.020000 -0.020000 -0.020000 -0.020000 -0.020000 -0.020000 -0.020000 -0.020000 -0.020000 -0.020000 -0.019599 -0.006107 0.000228 0.000659 0.000658 -0.001067 -0.004888 -0.002406 0.011009 0.025391 0.031635 0.035896 0.042236 0.047124 0.046551 0.047812 0.051356 0.053872 0.049879 0.047907 0.045531 0.045721 0.054990 0.066804 0.070646 0.075392 0.080250 0.077119 0.071115 0.072100
-0.020000 -0.020000 -0.020000 -0.020000 -0.020000 -0.020000 -0.020000 -0.020000 -0.020000 -0.020000 -0.020000 -0.020000 -0.020000 -0.020000 -0.020000 -0.020000 -0.020000 -0.020000 -0.020000 -0.020000 -0.020000 -0.008978 -0.002709 -0.000074 0.004815 0.004579 -0.000618 -0.002247 0.007558 0.018774 0.020901 0.023003 0.029422 0.036152 0.036710 0.037040 0.037614 0.037643 0.033260 0.034041 0.035739 0.038641 0.050516 0.064136 0.068383 0.073175 0.077678 0.073761 0.066747 0.066961
-0.020000 -0.020000 -0.020000 -0.020000 -0.020000 -0.020000 -0.020000 -0.019034 -0.019628 -0.020000 -0.020000 -0.020000 -0.020000 -0.020000 -0.020000 -0.020000 -0.020000 -0.020000 -0.020000 -0.020000 -0.020000 -0.007592 0.000664 0.007592 0.014779 0.012959 0.004877 -0.000986 0.004997 0.014196 0.017631 0.017627 0.019680 0.022318 0.023688 0.024766 0.026523 0.026406 0.021708 0.022334 0.025052 0.030466 0.044800 0.060039 0.065157 0.069250 0.075316 0.075695 0.072148 0.068147
-0.020000 -0.020000 -0.020000 -0.020000 -0.020000 -0.020000 -0.020000 -0.020000 -0.020000 -0.020000 -0.020000 -0.020000 -0.020000 -0.020000 -0.020000 -0.020000 -0.020000 -0.020000 -0.020000 -0.020000 -0.017224 -0.006455 0.003208 0.013057 0.017780 0.012795 0.003763 -0.001222 0.003055 0.010469 0.016400 0.015152 0.013646 0.014114 0.017240 0.017765 0.017983 0.016026 0.011552 0.011776 0.014187 0.020594 0.036285 0.053068 0.059831 0.062725 0.069369 0.075211 0.078715 0.075541
-0.020000 -0.020000 -0.020000 -0.020000 -0.020000 -0.020000 -0.020000 -0.020000 -0.020000 -0.020000 -0.020000 -0.020000 -0.020000 -0.019444 -0.020000 -0.020000 -0.020000 -0.020000 -0.020000 -0.020000 -0.016140 -0.011268 -0.002736 0.007832 0.012820 0.008432 0.000850 -0.002438 0.000633 0.005529 0.009295 0.008125 0.009003 0.014562 0.019840 0.017140 0.010211 0.003267 -0.000580 0.001609 0.005106 0.010372 0.025364 0.043056 0.052013 0.055715 0.062120 0.069643 0.077232 0.080023
-0.020000 -0.020000 -0.020000 -0.020000 -0.020000 -0.020000 -0.020000 -0.020000 -0.020000 -0.020000 -0.020000 -0.020000 -0.015463 -0.015275 -0.017043 -0.015588 -0.015434 -0.020000 -0.020000 -0.020000 -0.016268 -0.010871 -0.003191 0.003647 0.005601 0.004238 0.000758 -0.003697 -0.004727 -0.002699 0.000450 0.004212 0.010394 0.019550 0.025465 0.022348 0.009983 -0.003903 -0.009329 -0.008330 -0.004525 -0.000456 0.012943 0.032609 0.047058 0.056714 0.062531 0.066860 0.070429 0.073571
-0.020000 -0.020000 -0.020000 -0.020000 -0.016199 -0.018115 -0.018955 -0.017226 -0.020000 -0.020000 -0.020000 -0.018822 -0.015245 -0.017491 -0.018214 -0.012439 -0.010247 -0.014183 -0.020000 -0.018604 -0.011799 -0.003483 0.002972 0.004535 0.003372 0.005903 0.007055 0.000412 -0.005610 -0.006593 -0.003767 0.005766 0.015797 0.020339 0.021987 0.021879 0.014696 0.001145 -0.006722 -0.010270 -0.008119 -0.004700 0.004071 0.021428 0.041171 0.059189 0.065566 0.064537 0.060437 0.061342
-0.020000 -0.020000 -0.020000 -0.013842 -0.006135 -0.007745 -0.008166 -0.005833 -0.010691 -0.018962 -0.020000 -0.014540 -0.012891 -0.015680 -0.018837 -0.013934 -0.008379 -0.005527 -0.005807 -0.002181 0.002082 0.005002 0.007554 0.006635 0.005615 0.008802 0.011000 0.006072 0.000154 -0.002139 -0.002286 0.005903 0.015087 0.015652 0.015093 0.017224 0.017029 0.008553 0.000631 -0.004254 -0.003552 -0.001630 0.001664 0.013066 0.032747 0.052275 0.058513 0.055840 0.051981 0.057337
-0.018783 -0.016056 -0.010555 -0.003054 0.002602 0.003022 0.002381 0.001299 -0.004306 -0.011115 -0.014060 -0.013264 -0.014748 -0.016406 -0.017183 -0.010813 -0.002754 0.005525 0.010362 0.014119 0.016486 0.015902 0.014485 0.010880 0.010581 0.014047 0.017413 0.016349 0.010697 0.005650 0.001244 0.006751 0.014827 0.015411 0.013213 0.013894 0.015516 0.013366 0.008946 0.006030 0.005287 0.005606 0.003995 0.007866 0.023954 0.042467 0.050089 0.047297 0.045899 0.055581
-0.006196 -0.005593 0.001672 0.005380 0.006055 0.009467 0.008773 0.002070 -0.006030 -0.008753 -0.010312 -0.013397 -0.018363 -0.018785 -0.014107 -0.004624 0.004538 0.014722 0.020193 0.021849 0.025749 0.029835 0.027461 0.021207 0.020461 0.023991 0.027681 0.026903 0.018688 0.010245 0.004898 0.009694 0.016718 0.021083 0.018234 0.014685 0.010988 0.012328 0.012878 0.011928 0.008319 0.008171 0.008865 0.012635 0.023775 0.038524 0.046822 0.044657 0.044614 0.052572
0.001881 0.001959 0.008155 0.008944 0.006940 0.010663 0.010365 0.002984 -0.004020 -0.003357 -0.002957 -0.005514 -0.011374 -0.013735 -0.012482 -0.006000 0.004213 0.017546 0.025487 0.026583 0.031192 0.038212 0.037740 0.032818 0.032848 0.036263 0.038897 0.035606 0.025493 0.015786 0.010803 0.014356 0.018724 0.023084 0.020598 0.017221 0.012572 0.014019 0.014667 0.012331 0.007285 0.008469 0.014001 0.021538 0.029170 0.038978 0.044532 0.043177 0.044466 0.051112
0.003109 0.003379 0.009886 0.011392 0.009720 0.012831 0.013186 0.007606 0.001870 0.004094 0.006303 0.004087 -0.001973 -0.005737 -0.010334 -0.010340 -0.000495 0.016029 0.027591 0.028794 0.033207 0.042488 0.045941 0.044136 0.043984 0.046540 0.048485 0.043991 0.033518 0.023442 0.018108 0.019935 0.021706 0.024455 0.021924 0.019984 0.018449 0.020406 0.018713 0.014418 0.009080 0.011063 0.018243 0.028045 0.033746 0.037961 0.039166 0.041241 0.046940 0.053129
0.001253 0.000886 0.007588 0.012618 0.013963 0.016229 0.017100 0.014219 0.008880 0.010305 0.012641 0.007001 -0.000347 -0.002651 -0.006368 -0.007856 0.001266 0.017492 0.028684 0.029507 0.032577 0.042732 0.050096 0.051378 0.050048 0.051246 0.053740 0.051434 0.042644 0.032689 0.025584 0.025595 0.026236 0.028268 0.025701 0.024752 0.026293 0.027832 0.023057 0.020230 0.017893 0.018677 0.021029 0.028472 0.033956 0.034669 0.034146 0.042687 0.054893 0.059538
